    unsorted:	 0.0005822150406 282.0000015
      sorted:	 0.0005822150406 282.0000015
